28 sept. 2020	4843,27	4843,27	4843,27	4843,27	4843,27	96864500
25 sept. 2020	4729,66	4729,66	4729,66	4729,66	4729,66	96957900
24 sept. 2020	4762,62	4762,62	4762,62	4762,62	4762,62	97836800
23 sept. 2020	4802,26	4802,26	4802,26	4802,26	4802,26	86947200
22 sept. 2020	4772,84	4772,84	4772,84	4772,84	4772,84	92909500
21 sept. 2020	4949,76	4949,76	4779,21	4792,04	4792,04	128894100
18 sept. 2020	4978,18	4978,18	4978,18	4978,18	4978,18	279158000
17 sept. 2020	5039,50	5039,50	5039,50	5039,50	5039,50	85821100
16 sept. 2020	5065,75	5091,52	5029,56	5074,42	5074,42	81500
15 sept. 2020	5056,90	5087,99	5035,10	5067,93	5067,93	79300
14 sept. 2020	5071,87	5087,52	5034,91	5051,88	5051,88	57500
11 sept. 2020	5014,97	5053,63	4997,86	5034,14	5034,14	70600
10 sept. 2020	5039,48	5062,89	5005,84	5023,93	5023,93	70700
09 sept. 2020	4980,46	5058,35	4973,36	5042,98	5042,98	86300
08 sept. 2020	5052,88	5061,60	4935,38	4973,52	4973,52	85600
07 sept. 2020	4979,87	5064,64	4979,87	5053,72	5053,72	61686000
04 sept. 2020	4974,69	5068,88	4928,79	4965,07	4965,07	108600
03 sept. 2020	5074,64	5131,39	4982,34	5009,52	5009,52	93600
02 sept. 2020	4969,62	5062,01	4959,64	5031,74	5031,74	87000
01 sept. 2020	4974,42	4993,56	4892,83	4938,10	4938,10	91300
31 août 2020	5041,34	5067,55	4942,18	4947,22	4947,22	97432500
28 août 2020	5031,31	5031,53	4970,64	5002,94	5002,94	71200
27 août 2020	5052,26	5052,51	5005,46	5015,97	5015,97	67500
26 août 2020	4991,63	5050,10	4977,94	5048,43	5048,43	49300
25 août 2020	5023,06	5073,61	5008,27	5008,27	5008,27	64100
24 août 2020	4948,71	5013,70	4938,69	5007,89	5007,89	68800
21 août 2020	4927,61	4939,25	4839,08	4896,33	4896,33	72900
20 août 2020	4914,69	4937,95	4888,15	4911,24	4911,24	66400
19 août 2020	4934,79	4977,23	4917,53	4977,23	4977,23	53103600
18 août 2020	4951,98	5001,29	4924,15	4938,06	4938,06	60466700
17 août 2020	4972,59	4995,55	4937,72	4971,94	4971,94	51855600
14 août 2020	5018,95	5018,95	4921,58	4962,93	4962,93	66383400
13 août 2020	5055,42	5079,02	5037,55	5042,38	5042,38	57693500
12 août 2020	5017,73	5096,53	5010,80	5073,31	5073,31	76792800
11 août 2020	4952,41	5052,12	4949,05	5027,99	5027,99	97809400
10 août 2020	4905,27	4937,63	4878,58	4909,51	4909,51	62044500
07 août 2020	4873,10	4896,21	4843,90	4889,52	4889,52	62365400
06 août 2020	4919,41	4951,86	4860,98	4885,13	4885,13	80000
05 août 2020	4916,96	4954,60	4907,41	4933,34	4933,34	75000
04 août 2020	4905,66	4920,80	4856,65	4889,52	4889,52	86945300
03 août 2020	4797,06	4899,52	4763,60	4875,93	4875,93	104619900
31 juil. 2020	4866,24	4902,90	4783,69	4783,69	4783,69	129676300
30 juil. 2020	4952,08	4952,38	4801,02	4852,94	4852,94	137065700
29 juil. 2020	4948,48	4978,50	4945,58	4958,74	4958,74	75517100
28 juil. 2020	4930,10	4950,01	4893,63	4928,94	4928,94	78674500
27 juil. 2020	4944,30	4957,77	4923,19	4939,62	4939,62	74167000
24 juil. 2020	4973,73	4982,12	4925,41	4956,43	4956,43	76465000
23 juil. 2020	5064,72	5083,97	5019,21	5033,76	5033,76	79473700
22 juil. 2020	5098,48	5099,29	5028,48	5037,12	5037,12	75799200
21 juil. 2020	5129,78	5172,98	5097,42	5104,28	5104,28	85800
20 juil. 2020	5058,48	5100,79	5015,11	5093,18	5093,18	65186800
17 juil. 2020	5088,00	5091,13	5045,07	5069,42	5069,42	82550600
16 juil. 2020	5076,52	5105,12	5048,32	5085,28	5085,28	69535800
15 juil. 2020	5045,92	5145,33	5039,19	5108,98	5108,98	97819900
14 juil. 2020	4990,48	5007,46	4941,73	5007,46	5007,46	83503800
13 juil. 2020	5026,20	5060,43	4980,12	5056,23	5056,23	75191300
10 juil. 2020	4891,61	4974,37	4882,50	4970,48	4970,48	82357100
09 juil. 2020	5006,52	5014,85	4911,56	4921,01	4921,01	83118100
08 juil. 2020	5004,82	5040,52	4969,83	4981,13	4981,13	79877900
07 juil. 2020	5054,04	5056,52	5009,03	5043,73	5043,73	75993100
06 juil. 2020	5112,50	5121,72	5059,07	5081,51	5081,51	88500
03 juil. 2020	5056,67	5062,51	4982,24	5007,14	5007,14	61984900
02 juil. 2020	4963,13	5072,71	4956,66	5049,38	5049,38	115448500
01 juil. 2020	4939,80	4963,37	4851,37	4926,94	4926,94	94498400
30 juin 2020	4958,94	4967,35	4901,96	4935,99	4935,99	102399800
29 juin 2020	4887,23	4977,63	4867,33	4945,46	4945,46	94421100
26 juin 2020	4965,72	5014,83	4908,15	4909,64	4909,64	84000
25 juin 2020	4860,16	4941,96	4795,05	4918,58	4918,58	99381800
24 juin 2020	4985,63	5004,04	4871,36	4871,36	4871,36	97104300
23 juin 2020	4972,88	5046,31	4962,60	5017,68	5017,68	101534900
22 juin 2020	4928,01	5006,40	4902,06	4948,70	4948,70	84695500
19 juin 2020	4997,53	5040,47	4979,45	4979,45	4979,45	219575400
18 juin 2020	4978,30	5017,18	4908,60	4958,75	4958,75	101195000
17 juin 2020	4952,57	5026,84	4952,57	4995,97	4995,97	107060900
16 juin 2020	4922,79	5006,79	4887,56	4952,46	4952,46	144445800
15 juin 2020	4716,98	4841,53	4691,81	4815,72	4815,72	111889900
12 juin 2020	4774,11	4940,79	4759,17	4839,26	4839,26	133164300
11 juin 2020	4925,95	4956,30	4815,60	4815,60	4815,60	161274600
10 juin 2020	5119,86	5152,45	5043,57	5053,42	5053,42	121335100
09 juin 2020	5187,09	5203,42	5053,21	5095,11	5095,11	160534800
08 juin 2020	5159,30	5213,67	5137,20	5175,52	5175,52	152914400
05 juin 2020	5060,92	5199,65	5060,92	5197,79	5197,79	186841500
04 juin 2020	4994,18	5052,75	4966,82	5011,98	5011,98	138794600
03 juin 2020	4911,45	5026,45	4909,99	5022,38	5022,38	160112800
02 juin 2020	4799,88	4880,15	4795,28	4858,97	4858,97	126839400
01 juin 2020	4776,72	4782,03	4721,63	4762,78	4762,78	75978000
29 mai 2020	4733,98	4768,85	4695,36	4695,44	4695,44	167179700
28 mai 2020	4718,11	4784,09	4701,52	4771,39	4771,39	127442900
27 mai 2020	4621,77	4711,99	4614,41	4688,74	4688,74	177960100
26 mai 2020	4588,30	4619,84	4573,89	4606,24	4606,24	140172500
25 mai 2020	4482,54	4539,91	4451,56	4539,91	4539,91	65971900
22 mai 2020	4381,82	4475,35	4368,80	4444,56	4444,56	99188200
21 mai 2020	4443,92	4498,08	4429,27	4445,45	4445,45	88243500
20 mai 2020	4434,62	4499,79	4396,20	4496,98	4496,98	107244100
19 mai 2020	4536,07	4536,07	4421,11	4458,16	4458,16	138767200
18 mai 2020	4361,03	4508,95	4354,73	4498,34	4498,34	119506400
15 mai 2020	4314,97	4335,77	4255,19	4277,63	4277,63	111236400
14 mai 2020	4294,01	4313,26	4194,58	4273,13	4273,13	127632000
13 mai 2020	4420,50	4422,74	4336,56	4344,95	4344,95	103285300
12 mai 2020	4473,43	4499,39	4453,65	4472,50	4472,50	99269700
11 mai 2020	4561,19	4569,76	4460,24	4490,22	4490,22	83493200
08 mai 2020	4538,09	4560,19	4519,59	4549,64	4549,64	49408600
07 mai 2020	4456,44	4503,94	4440,98	4501,44	4501,44	78225400
06 mai 2020	4484,16	4484,16	4425,78	4433,38	4433,38	83242500
05 mai 2020	4455,74	4492,52	4419,95	4483,13	4483,13	93373300
04 mai 2020	4413,14	4427,74	4362,13	4378,23	4378,23	124810600
30 avr. 2020	4693,28	4719,74	4554,91	4572,18	4572,18	141611100
29 avr. 2020	4566,29	4678,93	4552,81	4671,11	4671,11	111685100
28 avr. 2020	4507,42	4601,94	4493,51	4569,79	4569,79	104388900
27 avr. 2020	4479,86	4505,26	4448,05	4505,26	4505,26	75900400
24 avr. 2020	4387,03	4448,73	4366,09	4393,32	4393,32	81295300
23 avr. 2020	4450,19	4495,90	4395,75	4451,00	4451,00	90083500
22 avr. 2020	4382,20	4417,57	4361,44	4411,80	4411,80	84195800
21 avr. 2020	4467,49	4477,31	4357,46	4357,46	4357,46	98896700
20 avr. 2020	4531,34	4531,34	4426,24	4528,30	4528,30	79833400
17 avr. 2020	4470,92	4550,78	4464,09	4499,01	4499,01	134393000
16 avr. 2020	4402,38	4418,65	4318,90	4350,16	4350,16	107745200
15 avr. 2020	4511,87	4525,50	4335,59	4353,72	4353,72	119358000
14 avr. 2020	4553,55	4577,84	4497,56	4523,91	4523,91	104764600
09 avr. 2020	4512,30	4543,69	4409,04	4506,85	4506,85	126589000
08 avr. 2020	4397,36	4442,75	4333,09	4442,75	4442,75	96256500
07 avr. 2020	4489,40	4527,60	4379,27	4438,27	4438,27	146543100
06 avr. 2020	4298,50	4353,21	4268,52	4346,14	4346,14	141469800
03 avr. 2020	4204,81	4214,59	4142,28	4154,58	4154,58	124037700
02 avr. 2020	4243,84	4265,56	4143,16	4220,96	4220,96	135203200
01 avr. 2020	4259,94	4266,69	4186,45	4207,24	4207,24	141856100
31 mars 2020	4437,78	4468,52	4309,72	4396,12	4396,12	151397700
30 mars 2020	4362,09	4379,15	4216,41	4378,51	4378,51	119404100
27 mars 2020	4433,95	4471,37	4288,66	4351,49	4351,49	144021100
26 mars 2020	4332,79	4543,58	4296,06	4543,58	4543,58	150657300
25 mars 2020	4339,71	4453,01	4221,32	4432,30	4432,30	176942500
24 mars 2020	4087,61	4242,70	4038,06	4242,70	4242,70	185439800
23 mars 2020	3869,01	4097,82	3851,17	3914,31	3914,31	195845200
20 mars 2020	4066,79	4109,11	3984,30	4048,80	4048,80	271872900
19 mars 2020	3833,99	3909,15	3691,08	3855,50	3855,50	199534100
18 mars 2020	3905,53	3908,72	3726,45	3754,84	3754,84	214274700
17 mars 2020	4041,33	4042,46	3759,00	3991,78	3991,78	225787000
16 mars 2020	3886,82	3962,01	3632,06	3881,46	3881,46	311603900
13 mars 2020	4234,37	4438,51	4055,19	4118,36	4118,36	326461800
12 mars 2020	4374,67	4404,26	4025,89	4044,26	4044,26	371403200
11 mars 2020	4716,22	4766,00	4603,05	4610,25	4610,25	206895800
10 mars 2020	4770,62	4924,84	4615,16	4636,61	4636,61	280309600
09 mars 2020	4845,27	4863,34	4691,20	4707,91	4707,91	329160800
06 mars 2020	5253,82	5284,08	5117,57	5139,11	5139,11	198425500
05 mars 2020	5490,52	5494,16	5329,24	5361,10	5361,10	155475900
04 mars 2020	5400,43	5493,25	5357,35	5464,89	5464,89	152463500
03 mars 2020	5408,15	5509,28	5371,66	5393,17	5393,17	186265500
02 mars 2020	5416,02	5430,05	5197,57	5333,52	5333,52	201844000
28 févr. 2020	5310,82	5376,05	5229,56	5309,90	5309,90	268468000
27 févr. 2020	5571,72	5613,72	5421,31	5495,60	5495,60	216328100
26 févr. 2020	5646,14	5707,31	5526,14	5684,55	5684,55	161976300
25 févr. 2020	5825,37	5828,46	5670,71	5679,68	5679,68	143623800
24 févr. 2020	5875,86	5884,86	5765,17	5791,87	5791,87	175269600
21 févr. 2020	6035,03	6067,29	5995,14	6029,72	6029,72	97327600
20 févr. 2020	6105,17	6110,95	6062,30	6062,30	6062,30	91055800
19 févr. 2020	6086,11	6111,41	6072,66	6111,24	6111,24	80156900
18 févr. 2020	6042,38	6079,50	6039,94	6056,82	6056,82	89930300
17 févr. 2020	6079,53	6088,60	6064,92	6085,95	6085,95	58001900
14 févr. 2020	6096,07	6096,07	6067,14	6069,35	6069,35	77985500
13 févr. 2020	6076,92	6098,26	6028,28	6093,14	6093,14	92665700
12 févr. 2020	6064,25	6104,73	6062,97	6104,73	6104,73	92681200
11 févr. 2020	6047,96	6060,97	6032,79	6054,76	6054,76	81568400
10 févr. 2020	6008,48	6018,31	5993,91	6015,67	6015,67	65703100
07 févr. 2020	6027,54	6044,97	5999,95	6029,75	6029,75	82348500
06 févr. 2020	6045,04	6050,94	6008,55	6038,18	6038,18	106153100
05 févr. 2020	5919,06	6004,33	5912,49	5985,40	5985,40	107839000
04 févr. 2020	5863,36	5935,05	5862,82	5935,05	5935,05	85595000
03 févr. 2020	5822,04	5857,40	5804,14	5832,51	5832,51	75677800
31 janv. 2020	5891,71	5894,69	5799,04	5806,34	5806,34	101862600
30 janv. 2020	5886,02	5904,08	5846,45	5871,77	5871,77	89992200
29 janv. 2020	5921,97	5969,73	5916,23	5954,89	5954,89	74107000
28 janv. 2020	5886,81	5933,72	5857,23	5925,82	5925,82	84491600
27 janv. 2020	5924,06	5942,83	5851,00	5863,02	5863,02	104036300
24 janv. 2020	6019,60	6064,55	6016,77	6024,26	6024,26	82330600
23 janv. 2020	5992,47	6024,32	5961,87	5971,79	5971,79	90037200
22 janv. 2020	6053,85	6069,26	6005,77	6010,98	6010,98	69408800
21 janv. 2020	6034,24	6045,99	5994,17	6045,99	6045,99	63922800
20 janv. 2020	6092,97	6094,09	6071,17	6078,54	6078,54	41270000
17 janv. 2020	6066,29	6109,81	6066,29	6100,72	6100,72	79316600
16 janv. 2020	6039,62	6058,97	6021,03	6039,03	6039,03	76032900
15 janv. 2020	6042,72	6053,01	6011,28	6032,61	6032,61	79851500
14 janv. 2020	6037,45	6046,12	5980,05	6040,89	6040,89	75439500
13 janv. 2020	6040,91	6058,69	6018,33	6036,14	6036,14	65192400
10 janv. 2020	6056,74	6057,83	6028,29	6037,11	6037,11	64393300
09 janv. 2020	6066,75	6071,66	6034,15	6042,55	6042,55	67961100
08 janv. 2020	5986,81	6031,00	5972,77	6031,00	6031,00	71431600
07 janv. 2020	6033,22	6065,74	6000,00	6012,35	6012,35	69593800
06 janv. 2020	6001,21	6017,97	5955,25	6013,59	6013,59	69063700
03 janv. 2020	6007,96	6044,16	5994,59	6044,16	6044,16	60488000
02 janv. 2020	6016,61	6062,92	6011,21	6041,50	6041,50	63958300
31 déc. 2019	5970,59	5987,22	5958,25	5978,06	5978,06	20670000
30 déc. 2019	6028,96	6037,70	5982,22	5982,22	5982,22	40318700
27 déc. 2019	6039,95	6065,00	6027,72	6037,39	6037,39	47289800
25 déc. 2019	-	-	-	-	-	-
24 déc. 2019	6027,19	6033,99	6025,62	6029,55	6029,55	12440900
23 déc. 2019	6013,56	6035,95	6005,96	6029,37	6029,37	46603900
20 déc. 2019	5979,53	6024,17	5966,88	6021,53	6021,53	151362500
19 déc. 2019	5963,87	5972,28	5942,88	5972,28	5972,28	72322800
18 déc. 2019	5971,40	5983,02	5959,60	5959,60	5959,60	80799300
17 déc. 2019	5989,48	5989,48	5955,36	5968,26	5968,26	84477400
16 déc. 2019	5946,65	6003,38	5942,30	5991,66	5991,66	77242800
13 déc. 2019	5968,86	5972,17	5907,22	5919,02	5919,02	113199500
12 déc. 2019	5871,20	5915,65	5845,00	5884,26	5884,26	91513000
11 déc. 2019	5844,02	5865,88	5825,42	5860,88	5860,88	62940400
10 déc. 2019	5833,48	5851,11	5776,67	5848,03	5848,03	73070100
09 déc. 2019	5865,73	5870,79	5836,14	5837,25	5837,25	56245200
06 déc. 2019	5815,75	5871,91	5811,29	5871,91	5871,91	75933300
05 déc. 2019	5808,26	5849,78	5801,46	5801,55	5801,55	73424300
04 déc. 2019	5725,97	5812,71	5725,97	5799,68	5799,68	89688600
03 déc. 2019	5787,14	5800,93	5697,06	5727,22	5727,22	86293300
02 déc. 2019	5910,12	5947,68	5781,03	5786,74	5786,74	99392100
29 nov. 2019	5895,89	5929,79	5885,66	5905,17	5905,17	61639300
28 nov. 2019	5909,95	5919,13	5900,21	5912,72	5912,72	42729800
27 nov. 2019	5943,45	5947,30	5921,92	5926,84	5926,84	68032200
26 nov. 2019	5927,41	5941,51	5909,93	5929,62	5929,62	112044300
25 nov. 2019	5917,84	5933,75	5908,29	5924,86	5924,86	62132600
22 nov. 2019	5885,61	5930,46	5885,61	5893,13	5893,13	75146000
21 nov. 2019	5860,55	5895,57	5834,26	5881,21	5881,21	76235300
20 nov. 2019	5880,69	5902,95	5859,58	5894,03	5894,03	74180900
19 nov. 2019	5936,99	5966,79	5895,91	5909,05	5909,05	72290900
18 nov. 2019	5939,64	5942,47	5900,35	5929,79	5929,79	70805300
15 nov. 2019	5933,07	5947,62	5907,95	5939,27	5939,27	74070300
14 nov. 2019	5902,40	5916,90	5894,07	5901,08	5901,08	67172300
13 nov. 2019	5908,16	5917,57	5874,06	5907,09	5907,09	76988600
12 nov. 2019	5904,27	5931,19	5897,30	5919,75	5919,75	72093200
11 nov. 2019	5873,74	5906,33	5871,71	5893,82	5893,82	60606400
08 nov. 2019	5867,42	5889,70	5861,61	5889,70	5889,70	94387100
07 nov. 2019	5888,84	5894,87	5871,18	5890,99	5890,99	105688900
06 nov. 2019	5847,61	5876,27	5838,40	5866,74	5866,74	86948200
05 nov. 2019	5825,60	5850,01	5818,94	5846,89	5846,89	78408500
04 nov. 2019	5788,36	5833,69	5784,85	5824,30	5824,30	86434000
01 nov. 2019	5749,48	5778,29	5739,70	5761,89	5761,89	65867300
31 oct. 2019	5770,26	5778,24	5718,63	5729,86	5729,86	112062300
30 oct. 2019	5749,69	5765,87	5720,27	5765,87	5765,87	90959100
29 oct. 2019	5728,10	5742,08	5715,26	5740,14	5740,14	74571800
28 oct. 2019	5720,73	5747,10	5711,10	5730,57	5730,57	69809000
25 oct. 2019	5694,90	5722,64	5671,82	5722,15	5722,15	71714000
24 oct. 2019	5678,26	5691,50	5659,95	5684,33	5684,33	83627900
23 oct. 2019	5617,30	5657,65	5616,02	5653,44	5653,44	75280000
22 oct. 2019	5644,98	5658,65	5612,86	5657,69	5657,69	67301500
21 oct. 2019	5633,04	5664,58	5625,10	5648,35	5648,35	77639300
18 oct. 2019	5653,08	5667,59	5621,87	5636,25	5636,25	95316900
17 oct. 2019	5679,92	5737,15	5673,07	5673,07	5673,07	88695900
16 oct. 2019	5703,39	5708,91	5677,96	5696,90	5696,90	83929000
15 oct. 2019	5676,74	5724,31	5659,69	5702,05	5702,05	88007900
14 oct. 2019	5646,33	5649,67	5600,11	5643,08	5643,08	65357900
11 oct. 2019	5576,95	5667,40	5574,26	5665,48	5665,48	115452700
10 oct. 2019	5520,98	5581,07	5487,17	5569,05	5569,05	87261800
09 oct. 2019	5458,16	5515,64	5447,01	5499,14	5499,14	69267500
08 oct. 2019	5526,01	5531,29	5451,72	5456,62	5456,62	72687700
07 oct. 2019	5476,77	5524,19	5461,59	5521,61	5521,61	60954000
04 oct. 2019	5456,83	5488,32	5426,00	5488,32	5488,32	76196900
03 oct. 2019	5432,01	5472,62	5393,49	5438,77	5438,77	83768700
02 oct. 2019	5587,14	5589,20	5422,77	5422,77	5422,77	104451600
01 oct. 2019	5696,20	5704,93	5594,93	5597,63	5597,63	75964100
30 sept. 2019	5636,15	5678,20	5624,94	5677,79	5677,79	77126700
27 sept. 2019	5627,44	5645,36	5621,58	5640,58	5640,58	69249200
26 sept. 2019	5573,63	5632,15	5572,41	5620,57	5620,57	71044800
25 sept. 2019	5598,50	5600,76	5531,62	5583,80	5583,80	80836400
24 sept. 2019	5644,46	5648,46	5625,24	5628,33	5628,33	67257400
23 sept. 2019	5679,31	5683,93	5619,29	5630,76	5630,76	81625000
20 sept. 2019	5655,37	5696,25	5647,53	5690,78	5690,78	188623500
19 sept. 2019	5617,70	5662,86	5616,91	5659,08	5659,08	78682000
18 sept. 2019	5609,92	5634,79	5601,65	5620,65	5620,65	68987800
17 sept. 2019	5602,96	5619,45	5587,74	5615,51	5615,51	82367800
16 sept. 2019	5626,61	5632,74	5602,23	5602,23	5602,23	76134900
13 sept. 2019	5649,23	5672,07	5638,17	5655,46	5655,46	85595400
12 sept. 2019	5633,95	5667,46	5596,37	5642,86	5642,86	110360200
11 sept. 2019	5606,43	5626,05	5606,43	5618,06	5618,06	92098300
10 sept. 2019	5586,88	5596,94	5555,51	5593,21	5593,21	106338200
09 sept. 2019	5606,36	5611,59	5579,93	5588,95	5588,95	73880200
06 sept. 2019	5592,07	5610,70	5581,54	5603,99	5603,99	71138100
05 sept. 2019	5569,59	5605,88	5559,82	5593,37	5593,37	84379600
04 sept. 2019	5518,92	5537,10	5508,50	5532,07	5532,07	60939800
03 sept. 2019	5484,36	5484,54	5441,18	5466,07	5466,07	57453400
02 sept. 2019	5483,43	5502,58	5479,82	5493,04	5493,04	42347400
30 août 2019	5451,60	5504,01	5446,58	5480,48	5480,48	78422900
29 août 2019	5359,00	5452,90	5354,55	5449,97	5449,97	69419100
28 août 2019	5372,08	5375,04	5322,99	5368,80	5368,80	62433900
27 août 2019	5349,85	5399,18	5321,88	5387,09	5387,09	70020000
26 août 2019	5310,16	5377,02	5300,99	5351,02	5351,02	49092000
23 août 2019	5413,41	5421,28	5326,87	5326,87	5326,87	70292400
22 août 2019	5414,81	5439,64	5378,25	5388,25	5388,25	70434200
21 août 2019	5360,03	5441,35	5360,03	5435,48	5435,48	57209100
20 août 2019	5363,59	5391,23	5328,94	5344,64	5344,64	65790300
19 août 2019	5333,13	5378,74	5325,72	5371,56	5371,56	71538300
16 août 2019	5254,62	5306,07	5249,33	5300,79	5300,79	99103700
15 août 2019	5274,90	5278,07	5170,77	5236,93	5236,93	88556700
14 août 2019	5367,54	5367,54	5233,86	5251,30	5251,30	97168500
13 août 2019	5292,94	5402,99	5268,47	5363,07	5363,07	99386900
12 août 2019	5362,39	5386,46	5293,76	5310,31	5310,31	60267400
09 août 2019	5368,84	5374,90	5317,91	5327,92	5327,92	71097900
08 août 2019	5333,18	5387,96	5305,86	5387,96	5387,96	79249600
07 août 2019	5252,73	5312,31	5226,39	5266,51	5266,51	89433100
06 août 2019	5245,52	5297,45	5234,65	5234,65	5234,65	88253800
05 août 2019	5296,08	5315,60	5230,46	5241,55	5241,55	105517800
02 août 2019	5427,55	5455,13	5350,76	5359,00	5359,00	130992200
01 août 2019	5500,91	5563,65	5499,88	5557,41	5557,41	81383400
31 juil. 2019	5511,51	5538,59	5503,13	5518,90	5518,90	84213800
30 juil. 2019	5610,73	5611,00	5496,77	5511,07	5511,07	87362100
29 juil. 2019	5598,65	5624,34	5590,82	5601,10	5601,10	59297700
26 juil. 2019	5572,72	5614,25	5568,83	5610,05	5610,05	71726800
25 juil. 2019	5646,73	5672,77	5549,66	5578,05	5578,05	106354900
24 juil. 2019	5617,86	5627,08	5583,14	5605,87	5605,87	68914100
23 juil. 2019	5590,60	5638,66	5580,52	5618,16	5618,16	77856100
22 juil. 2019	5550,30	5575,74	5545,61	5567,02	5567,02	58118200
19 juil. 2019	5580,99	5598,00	5534,25	5552,34	5552,34	65514600
18 juil. 2019	5538,03	5585,81	5533,47	5550,55	5550,55	63265600
17 juil. 2019	5602,25	5621,21	5567,85	5571,71	5571,71	63754200
16 juil. 2019	5574,18	5626,79	5573,36	5614,38	5614,38	66028700
15 juil. 2019	5581,11	5606,48	5550,86	5578,21	5578,21	53770000
12 juil. 2019	5559,16	5587,84	5552,58	5572,86	5572,86	60414500
11 juil. 2019	5589,68	5592,30	5548,95	5551,95	5551,95	57476600
10 juil. 2019	5562,44	5606,18	5557,66	5567,59	5567,59	60776200
09 juil. 2019	5578,34	5582,77	5544,62	5572,10	5572,10	62346600
08 juil. 2019	5580,26	5598,97	5572,77	5589,19	5589,19	54984500
05 juil. 2019	5613,92	5616,63	5573,35	5593,72	5593,72	63896500
04 juil. 2019	5622,80	5629,79	5613,03	5620,73	5620,73	46168300
03 juil. 2019	5579,24	5618,81	5579,04	5618,81	5618,81	63296400
02 juil. 2019	5578,38	5582,91	5556,76	5576,82	5576,82	67572900
01 juil. 2019	5584,13	5611,28	5567,91	5567,91	5567,91	70651600
28 juin 2019	5491,17	5545,06	5486,28	5538,97	5538,97	77991000
27 juin 2019	5508,38	5511,22	5465,62	5493,61	5493,61	68458200
26 juin 2019	5504,67	5531,45	5497,22	5500,72	5500,72	72145100
25 juin 2019	5499,82	5523,57	5499,65	5514,57	5514,57	67601900
24 juin 2019	5534,35	5547,11	5514,14	5521,71	5521,71	69081000
21 juin 2019	5534,43	5582,24	5518,39	5528,33	5528,33	180857100
20 juin 2019	5551,03	5564,13	5535,57	5535,57	5535,57	91520000
19 juin 2019	5513,32	5521,81	5496,54	5518,45	5518,45	94042300
18 juin 2019	5386,38	5516,06	5376,12	5509,73	5509,73	112114700
17 juin 2019	5370,76	5408,75	5368,07	5390,95	5390,95	60116200
14 juin 2019	5367,10	5369,38	5342,15	5367,62	5367,62	65531100
13 juin 2019	5361,60	5392,51	5353,11	5375,63	5375,63	69304200
12 juin 2019	5379,15	5394,85	5358,81	5374,92	5374,92	71298300
11 juin 2019	5382,88	5431,54	5381,31	5408,45	5408,45	82532500
10 juin 2019	5382,29	5397,35	5369,82	5382,50	5382,50	44478400
07 juin 2019	5299,71	5389,95	5299,71	5364,05	5364,05	85504600
06 juin 2019	5293,72	5332,69	5264,62	5278,43	5278,43	97740400
05 juin 2019	5271,26	5306,83	5265,60	5292,00	5292,00	82999200
04 juin 2019	5204,22	5278,91	5191,61	5268,26	5268,26	100999600
03 juin 2019	5171,61	5241,46	5152,30	5241,46	5241,46	82486400
31 mai 2019	5198,76	5208,07	5160,91	5207,63	5207,63	92675600
30 mai 2019	5241,95	5258,05	5229,74	5248,91	5248,91	53926800
29 mai 2019	5249,27	5252,52	5203,81	5222,12	5222,12	96891600
28 mai 2019	5343,30	5351,09	5300,80	5312,69	5312,69	123522700
27 mai 2019	5341,39	5364,22	5323,17	5336,19	5336,19	55120600
24 mai 2019	5307,80	5337,66	5302,52	5316,51	5316,51	86386600
23 mai 2019	5335,12	5340,38	5272,78	5281,37	5281,37	95282100
22 mai 2019	5381,69	5399,72	5345,28	5378,98	5378,98	69422500
21 mai 2019	5373,01	5394,91	5350,13	5385,46	5385,46	79280900
20 mai 2019	5425,30	5438,60	5333,31	5358,59	5358,59	88787600
17 mai 2019	5428,17	5450,65	5401,66	5438,23	5438,23	96770400
16 mai 2019	5365,37	5448,11	5346,54	5448,11	5448,11	89653900
15 mai 2019	5348,34	5374,26	5297,30	5374,26	5374,26	103541000
14 mai 2019	5292,08	5341,35	5288,92	5341,35	5341,35	86384000
13 mai 2019	5332,30	5334,06	5247,66	5262,57	5262,57	87610900
10 mai 2019	5353,50	5372,25	5312,01	5327,44	5327,44	82554800
09 mai 2019	5358,10	5363,77	5307,06	5313,16	5313,16	96336000
08 mai 2019	5388,72	5426,32	5378,18	5417,59	5417,59	76182500
07 mai 2019	5478,55	5490,33	5387,99	5395,75	5395,75	93789000
06 mai 2019	5450,83	5489,54	5422,59	5483,52	5483,52	77234200
03 mai 2019	5537,46	5563,12	5535,58	5548,84	5548,84	67538000
02 mai 2019	5568,20	5573,16	5537,99	5538,86	5538,86	92443600
30 avr. 2019	5570,43	5586,41	5553,10	5586,41	5586,41	92198400
29 avr. 2019	5567,09	5593,60	5547,12	5580,98	5580,98	67208000
26 avr. 2019	5570,07	5575,25	5546,82	5569,36	5569,36	75422900
25 avr. 2019	5569,21	5571,86	5538,30	5557,67	5557,67	75881200
24 avr. 2019	5581,16	5597,60	5557,21	5576,06	5576,06	84201400
23 avr. 2019	5577,52	5596,21	5564,94	5591,69	5591,69	87060900
18 avr. 2019	5548,66	5601,38	5527,94	5580,38	5580,38	105619800
17 avr. 2019	5528,01	5569,28	5522,61	5563,09	5563,09	86734600
16 avr. 2019	5510,72	5532,31	5503,35	5528,67	5528,67	76025200
15 avr. 2019	5501,51	5518,37	5497,53	5508,73	5508,73	67400500
12 avr. 2019	5478,95	5510,99	5474,36	5502,70	5502,70	81746200
11 avr. 2019	5474,33	5498,89	5446,20	5485,72	5485,72	75234800
10 avr. 2019	5442,68	5461,34	5440,32	5449,88	5449,88	70801100
09 avr. 2019	5453,00	5491,85	5436,42	5436,42	5436,42	68930800
08 avr. 2019	5471,74	5486,63	5462,38	5471,78	5471,78	58463400
05 avr. 2019	5469,34	5486,00	5464,85	5476,20	5476,20	77567000
04 avr. 2019	5460,83	5474,41	5448,40	5463,80	5463,80	69798300
03 avr. 2019	5458,02	5473,92	5451,44	5468,91	5468,91	87758700
02 avr. 2019	5409,68	5433,51	5403,44	5423,47	5423,47	67149200
01 avr. 2019	5394,50	5414,53	5376,18	5405,53	5405,53	77183600
29 mars 2019	5334,56	5356,07	5315,11	5350,53	5350,53	79046600
28 mars 2019	5299,03	5327,73	5291,64	5296,54	5296,54	74378700
27 mars 2019	5312,70	5340,05	5279,65	5301,24	5301,24	92888500
26 mars 2019	5271,14	5315,29	5257,79	5307,38	5307,38	64772700
25 mars 2019	5211,76	5276,74	5211,76	5260,64	5260,64	77602300
22 mars 2019	5394,46	5398,47	5264,13	5269,92	5269,92	109347500
21 mars 2019	5378,41	5393,33	5349,00	5378,85	5378,85	75608100
20 mars 2019	5417,21	5429,44	5382,66	5382,66	5382,66	80810600
19 mars 2019	5406,23	5443,10	5403,58	5425,90	5425,90	70707600
18 mars 2019	5403,54	5416,49	5401,47	5412,83	5412,83	71187100
15 mars 2019	5352,88	5421,51	5351,88	5405,32	5405,32	213640300
14 mars 2019	5308,75	5358,41	5308,75	5349,78	5349,78	80679300
13 mars 2019	5263,01	5309,77	5261,89	5306,38	5306,38	72032100
12 mars 2019	5290,94	5294,83	5245,76	5270,25	5270,25	79641900
11 mars 2019	5253,49	5268,59	5230,16	5265,96	5265,96	71957700
08 mars 2019	5233,97	5252,35	5221,03	5231,22	5231,22	99881400
07 mars 2019	5282,14	5306,09	5249,32	5267,92	5267,92	100441400
06 mars 2019	5288,40	5314,97	5281,95	5288,81	5288,81	18519200
05 mars 2019	5288,55	5297,99	5267,57	5297,52	5297,52	74259300
04 mars 2019	5291,13	5310,64	5283,35	5286,57	5286,57	63344600
01 mars 2019	5267,14	5286,69	5262,47	5265,19	5265,19	88315600
28 févr. 2019	5204,77	5247,55	5204,77	5240,53	5240,53	110811900
27 févr. 2019	5218,12	5236,83	5211,54	5225,35	5225,35	86877000
26 févr. 2019	5212,86	5248,50	5197,29	5238,72	5238,72	74612300
25 févr. 2019	5228,25	5242,22	5219,39	5231,85	5231,85	72266600
22 févr. 2019	5190,94	5226,80	5190,28	5215,85	5215,85	75215100
21 févr. 2019	5200,12	5206,38	5180,62	5196,11	5196,11	95156300
20 févr. 2019	5168,59	5202,90	5159,06	5195,95	5195,95	74722600
19 févr. 2019	5162,31	5176,41	5137,17	5160,52	5160,52	67491900
18 févr. 2019	5149,06	5170,96	5147,81	5168,54	5168,54	60816200
15 févr. 2019	5061,54	5164,58	5059,50	5153,19	5153,19	110465200
14 févr. 2019	5117,79	5117,79	5062,52	5062,52	5062,52	90012000
13 févr. 2019	5071,54	5092,19	5061,60	5074,27	5074,27	84733400
12 févr. 2019	5052,33	5073,79	5039,99	5056,35	5056,35	81414900
11 févr. 2019	4988,09	5023,29	4986,30	5014,47	5014,47	70045200
08 févr. 2019	4980,81	5005,64	4946,14	4961,64	4961,64	100191000
07 févr. 2019	5075,75	5083,89	4985,56	4985,56	4985,56	111261700
06 févr. 2019	5060,65	5083,81	5058,04	5079,05	5079,05	85303500
05 févr. 2019	5009,83	5083,34	4997,53	5083,34	5083,34	87212600
04 févr. 2019	5014,31	5019,40	4970,70	5000,19	5000,19	70664200
01 févr. 2019	5004,65	5023,37	4980,50	5019,26	5019,26	79792300
31 janv. 2019	4993,09	5016,28	4955,50	4992,72	4992,72	102641200
30 janv. 2019	4943,68	4974,76	4942,64	4974,76	4974,76	68861600
29 janv. 2019	4889,34	4949,45	4879,66	4928,18	4928,18	66407300
28 janv. 2019	4903,95	4912,10	4878,62	4888,58	4888,58	64841000
25 janv. 2019	4895,59	4931,80	4890,90	4925,82	4925,82	82965000
24 janv. 2019	4839,59	4883,90	4832,40	4871,96	4871,96	82884500
23 janv. 2019	4831,92	4875,41	4820,14	4840,38	4840,38	78599700
22 janv. 2019	4841,18	4863,30	4824,06	4847,53	4847,53	67998400
21 janv. 2019	4865,79	4872,62	4859,76	4867,78	4867,78	49416900
18 janv. 2019	4825,97	4881,57	4824,26	4875,93	4875,93	106129400
17 janv. 2019	4782,63	4801,67	4772,64	4794,37	4794,37	82674400
16 janv. 2019	4811,59	4816,49	4784,79	4810,74	4810,74	81097500
15 janv. 2019	4799,58	4816,73	4754,69	4786,17	4786,17	83421600
14 janv. 2019	4740,31	4773,15	4730,55	4762,75	4762,75	69500100
11 janv. 2019	4814,66	4821,28	4760,84	4781,34	4781,34	77037500
10 janv. 2019	4788,76	4805,66	4759,76	4805,66	4805,66	76138500
09 janv. 2019	4811,18	4843,48	4801,83	4813,58	4813,58	94180800
08 janv. 2019	4722,16	4810,27	4719,23	4773,27	4773,27	98114900
07 janv. 2019	4757,01	4760,27	4690,22	4719,17	4719,17	73900700
04 janv. 2019	4649,63	4750,51	4636,79	4737,12	4737,12	95967400
03 janv. 2019	4641,80	4671,28	4607,68	4611,49	4611,49	78741500
02 janv. 2019	4642,18	4699,98	4606,20	4689,39	4689,39	76980400
31 déc. 2018	4708,74	4731,49	4696,12	4730,69	4730,69	23249900
28 déc. 2018	4641,05	4700,49	4623,97	4678,74	4678,74	67583000
27 déc. 2018	4689,20	4692,43	4555,99	4598,61	4598,61	89451800
24 déc. 2018	4650,42	4664,20	4622,03	4626,39	4626,39	24595900
21 déc. 2018	4672,77	4696,18	4628,24	4694,38	4694,38	187129800
20 déc. 2018	4709,75	4719,61	4685,61	4692,46	4692,46	120847000
19 déc. 2018	4766,73	4794,01	4761,63	4777,45	4777,45	96198400
18 déc. 2018	4773,19	4804,98	4754,08	4754,08	4754,08	109281600
17 déc. 2018	4840,12	4847,50	4788,88	4799,87	4799,87	83817900
14 déc. 2018	4853,12	4873,16	4822,89	4853,70	4853,70	89679200
13 déc. 2018	4926,86	4935,48	4890,44	4896,92	4896,92	88192400
12 déc. 2018	4834,24	4924,66	4829,12	4909,45	4909,45	106795300
11 déc. 2018	4781,94	4853,92	4770,07	4806,20	4806,20	101943600
10 déc. 2018	4797,92	4809,98	4732,02	4742,38	4742,38	108458800
07 déc. 2018	4813,62	4877,13	4812,38	4813,13	4813,13	95511500
06 déc. 2018	4898,35	4898,35	4760,98	4780,46	4780,46	140516600
05 déc. 2018	4963,18	4976,63	4941,45	4944,37	4944,37	78499500
04 déc. 2018	5036,95	5043,26	5012,48	5012,66	5012,66	84238000
03 déc. 2018	5112,58	5115,13	5043,20	5053,98	5053,98	101898900
30 nov. 2018	5016,45	5016,86	4974,99	5003,92	5003,92	107965900
29 nov. 2018	5026,66	5036,81	4995,95	5006,25	5006,25	82130300
28 nov. 2018	4998,14	5007,47	4977,93	4983,24	4983,24	84265900
27 nov. 2018	4992,53	5013,69	4958,71	4983,15	4983,15	85316600
26 nov. 2018	4982,54	5023,78	4973,71	4994,98	4994,98	94237200
23 nov. 2018	4939,79	4968,50	4913,72	4946,95	4946,95	61973700
22 nov. 2018	4958,89	4961,35	4923,80	4938,14	4938,14	60539000
21 nov. 2018	4949,72	4978,92	4930,25	4975,50	4975,50	82217400
20 nov. 2018	4962,85	4967,98	4894,30	4924,89	4924,89	97368100
19 nov. 2018	5040,68	5062,75	4979,98	4985,45	4985,45	75776800
16 nov. 2018	5068,64	5081,00	4986,19	5025,20	5025,20	99615100
15 nov. 2018	5097,09	5106,56	4993,48	5033,62	5033,62	99859900
14 nov. 2018	5062,44	5131,04	5026,22	5068,85	5068,85	88350000
13 nov. 2018	5077,57	5106,77	5054,90	5101,85	5101,85	78747800
12 nov. 2018	5130,38	5140,45	5058,49	5059,09	5059,09	77068100
09 nov. 2018	5103,43	5112,57	5072,21	5106,75	5106,75	84712400
08 nov. 2018	5147,19	5168,11	5120,14	5131,45	5131,45	87240200
07 nov. 2018	5100,08	5150,64	5098,90	5137,94	5137,94	88816200
06 nov. 2018	5110,80	5110,80	5066,39	5075,19	5075,19	67159700
05 nov. 2018	5101,87	5124,19	5092,36	5101,39	5101,39	68302600
02 nov. 2018	5147,02	5162,18	5101,28	5102,13	5102,13	94431400
01 nov. 2018	5076,55	5119,68	5060,76	5085,78	5085,78	86117000
31 oct. 2018	5049,74	5106,76	5047,35	5093,44	5093,44	130251200
30 oct. 2018	4996,92	5010,44	4929,94	4978,53	4978,53	96430500
29 oct. 2018	4958,51	5030,02	4958,51	4989,35	4989,35	83255000
26 oct. 2018	4978,39	4978,39	4896,80	4967,37	4967,37	131619600
25 oct. 2018	4933,95	5033,52	4925,56	5032,30	5032,30	125445400
24 oct. 2018	4995,77	5043,37	4951,16	4953,09	4953,09	116382700
23 oct. 2018	4991,91	5009,43	4955,67	4967,69	4967,69	114932000
22 oct. 2018	5130,29	5135,69	5052,24	5053,31	5053,31	74610400
19 oct. 2018	5119,64	5133,59	5057,45	5084,66	5084,66	130238900
18 oct. 2018	5150,23	5175,59	5115,31	5116,79	5116,79	99240000
17 oct. 2018	5187,11	5205,38	5117,23	5144,95	5144,95	90604000
16 oct. 2018	5094,44	5176,80	5082,41	5173,05	5173,05	88042700
15 oct. 2018	5095,12	5105,93	5058,05	5095,07	5095,07	79093900
12 oct. 2018	5160,23	5164,03	5095,74	5095,98	5095,98	98283100
11 oct. 2018	5128,22	5175,36	5101,90	5106,37	5106,37	141209700
10 oct. 2018	5319,27	5319,88	5200,11	5206,22	5206,22	104816300
09 oct. 2018	5304,11	5328,37	5260,53	5318,55	5318,55	78857600
08 oct. 2018	5339,49	5349,31	5291,74	5300,25	5300,25	69434100
05 oct. 2018	5407,58	5412,31	5354,79	5359,36	5359,36	84127700
04 oct. 2018	5471,88	5477,92	5404,84	5410,85	5410,85	94188600
03 oct. 2018	5485,02	5509,08	5468,47	5491,40	5491,40	65565700
02 oct. 2018	5473,79	5480,24	5440,78	5467,89	5467,89	83460200
01 oct. 2018	5494,93	5519,94	5491,17	5506,82	5506,82	75188000
28 sept. 2018	5514,55	5527,24	5458,21	5493,49	5493,49	112190100
27 sept. 2018	5500,25	5546,80	5485,83	5540,41	5540,41	74700600
26 sept. 2018	5482,99	5512,75	5471,57	5512,73	5512,73	77971500
25 sept. 2018	5468,91	5497,15	5468,78	5479,10	5479,10	74313200
24 sept. 2018	5480,64	5488,18	5463,44	5476,17	5476,17	73646100
21 sept. 2018	5463,66	5499,03	5463,66	5494,17	5494,17	222510800
20 sept. 2018	5398,20	5461,11	5398,20	5451,59	5451,59	108602600
19 sept. 2018	5362,94	5406,06	5361,33	5393,74	5393,74	85324800
18 sept. 2018	5348,49	5389,76	5339,62	5363,79	5363,79	80228500
17 sept. 2018	5344,55	5358,18	5329,97	5348,87	5348,87	66172300
14 sept. 2018	5353,58	5362,20	5338,25	5352,57	5352,57	66793100
13 sept. 2018	5327,94	5366,34	5325,30	5328,12	5328,12	75754300
12 sept. 2018	5294,58	5338,63	5293,62	5332,13	5332,13	75458800
11 sept. 2018	5284,24	5285,02	5240,04	5283,79	5283,79	74742700
10 sept. 2018	5250,76	5291,21	5241,18	5269,63	5269,63	71394000
07 sept. 2018	5252,98	5266,63	5226,31	5252,22	5252,22	83620300
06 sept. 2018	5254,70	5292,43	5243,81	5243,84	5243,84	79501100
05 sept. 2018	5322,08	5324,00	5259,98	5260,22	5260,22	103548700
04 sept. 2018	5423,67	5428,22	5322,77	5342,70	5342,70	79249300
03 sept. 2018	5400,70	5417,46	5387,21	5413,80	5413,80	48627400
31 août 2018	5470,80	5471,05	5403,16	5406,85	5406,85	89131200
30 août 2018	5494,02	5498,77	5467,12	5478,06	5478,06	64286100
29 août 2018	5495,95	5504,32	5476,27	5501,33	5501,33	52978800
28 août 2018	5489,51	5506,76	5477,35	5484,99	5484,99	62817700
27 août 2018	5455,40	5487,45	5448,49	5479,10	5479,10	43768100
24 août 2018	5422,78	5449,75	5421,21	5432,50	5432,50	52056700
23 août 2018	5422,39	5436,72	5415,43	5419,33	5419,33	52041400
22 août 2018	5401,43	5431,52	5401,43	5420,61	5420,61	71435300
21 août 2018	5372,02	5427,26	5367,38	5408,60	5408,60	56477500
20 août 2018	5362,37	5397,78	5356,32	5379,65	5379,65	48284100
17 août 2018	5356,49	5366,56	5313,99	5344,93	5344,93	64188500
16 août 2018	5326,17	5354,95	5307,16	5349,02	5349,02	64762100
15 août 2018	5414,75	5417,19	5287,18	5305,22	5305,22	87832500
14 août 2018	5437,43	5447,93	5392,39	5403,41	5403,41	68465700



